0.050000002827 0.099999984880 0.070000011016 -0.080000003927 -0.039999998032 -0.059999984253 -0.080000003080 0.089999991691 0.060000003181 -0.049999998948 0.040000004229 0.039999999065 0.049999993335 -0.050000000309 -0.040000008593 0.089999991615 0.029999984208 0.039999998133 0.040000004066 0.060000003185 -0.050000005298 -0.059999991351 -0.039999997894 -0.059999982484 -0.040000004440 -0.080000001931 0.079999996441 0.030000006147 -0.049999983782 0.039999994391 
2
2
2
2
2
2
2
2
2
2
2
2
2
2
2
2
2
2
2
2
2
2
2
2
2
2
2
2
2
2
2
2
2
2
2
2
2
2
2
2
2
2
2
2
2
2
2
2
2
2
2
2
2
2
2
2
2
2
2
2
2
2
2
2
2
2
2
2
2
2
2
2
2
2
2
2
2
2
2
2
2
2
2
2
2
2
2
2
2
2
2
2
2
2
2
2
2
2
2
2
0.350000000000
